Video Length	Likes	Dislikes	Comments	Shares	Total Engagements	Total Views	Total Ad Views Paid	Total Organic Views	Total Views 7 days after published	Total Ad Views View 7	Total Organic Views View 7	Total Views 28 days after published	Total Ad Views View 28	Total Organic Views View 28	Total Completed Views	Total Minutes Watched	Total Ad Minutes Watched	Total Organic Minutes Watched	Total Minutes Watched 7 days after published	Total Ad Minutes Watched 7 days after published	Total Organic Minutes Watched 7 days after published	Total Minutes Watched 28 days after published	Total Ad Minutes Watched 28 days after published	Total Organic Minutes Watched 28 days after published	Average View Duration	Avg View Duration In Minutes	Avg Percent Viewed	Subs Gained	Avg
341	31879	510	642	4477	37508	2224750	893497	1331253	165120	0	165120	1082772	704548	378224	83366	6729492	2562305	4167187	586359	0	586359	3278549	1987319	1291230	181	3.016666667	53.07917889	5834	Yes
147	7948	727	603	3949	13227	424800	33	424767	134801	6	134795	242516	33	242483	35724	737775	9	737766	243417	0	243417	437694	9	437685	104	1.733333333	70.74829932	1198	Yes
649	16863	949	559	2833	21204	2148120	76	2148044	970166	39	970127	1347535	76	1347459	106239	11597062	38	11597024	5374108	20	5374088	7369276	38	7369238	323	5.383333333	49.76887519	8647	Yes
611	7640	223	557	568	8988	558797	11204	547593	204769	1913	202856	426173	8989	417184	110389	2223218	31243	2191975	921931	7922	914009	1738582	29640	1708942	238	3.966666667	38.95253682	2545	Yes
358	17761	1108	523	3142	22534	2280272	293730	1986542	44857	16910	27947	350568	293729	56839	24466	7434656	1002426	6432230	169818	59050	110768	1221828	1002426	219402	195	3.25	54.46927374	10057	Yes
716	14253	222	522	4542	19539	340242	53	340189	190557	18	190539	264345	53	264292	34495	2062569	105	2062464	1179460	25	1179435	1620913	105	1620808	363	6.05	50.69832402	978	Yes
259	22690	358	516	20924	44488	973336	72	973264	612541	15	612526	854623	72	854551	156712	2546190	86	2546104	1630535	25	1630510	2250897	86	2250811	156	2.6	60.23166023	2472	Yes
1007	6650	47	511	579	7787	140133	118	140015	94606	0	94606	121397	118	121279	12728	1050472	74	1050398	797235	0	797235	949220	74	949146	449	7.483333333	44.58788481	330	Yes
361	10288	261	420	5435	16404	1270163	6346	1263817	422486	406	422080	571642	6346	565296	24339	5284383	23738	5260645	1879460	1595	1877865	2506175	23738	2482437	249	4.15	68.97506925	1130	Yes
466	5353	63	408	299	6123	220826	3343	217483	130437	0	130437	169185	1527	167658	56699	961920	1527	960393	601565	0	601565	750536	701	749835	261	4.35	56.00858369	2148	Yes
528	6043	364	357	2086	8850	463632	116260	347372	66383	2	66381	258983	30253	228730	36513	1603600	186814	1416786	298388	0	298388	1101583	114678	986905	207	3.45	39.20454545	2993	Yes
558	3344	47	337	162	3890	136805	4408	132397	90601	2	90599	110699	1879	108820	34687	706866	4338	702528	498431	12	498419	576408	1946	574462	310	5.166666667	55.55555556	282	Yes
919	7072	258	331	1395	9056	306489	89791	216698	118370	46233	72137	279307	83453	195854	64313	1511159	112867	1398292	544932	65417	479515	1406375	106062	1300313	295	4.916666667	32.10010881	6087	Yes
537	7730	383	331	4606	13050	598171	22743	575428	99150	0	99150	195176	2	195174	20272	2519764	14764	2505000	438833	0	438833	872329	6	872323	252	4.2	46.9273743	3527	Yes
790	11736	883	324	11064	24007	810625	371505	439120	59302	0	59302	397574	265459	132115	22540	3301102	440020	2861082	424451	0	424451	1205815	316322	889493	244	4.066666667	30.88607595	2507	Yes
594	5068	100	323	346	5837	228643	2545	226098	57382	1	57381	161749	1066	160683	25883	1226217	1704	1224513	338352	0	338352	892111	760	891351	321	5.35	54.04040404	2122	Yes
479	6246	39	320	1358	7963	103458	0	103458	57486	0	57486	73371	0	73371	5909	429030	0	429030	244861	0	244861	309317	0	309317	248	4.133333333	51.77453027	1025	Yes
668	3466	139	308	138	4051	256523	6220	250303	124807	45	124762	224011	2526	221485	24543	748604	6023	742581	549804	52	549752	638576	2413	636163	175	2.916666667	26.19760479	316	Yes
582	5127	1285	306	3185	9903	1501518	1367586	133932	51925	0	51925	1486191	1367576	118615	86952	2824535	2424232	400303	162446	0	162446	2792740	2424330	368410	112	1.866666667	19.24398625	4604	Yes
199	7482	233	282	2600	10597	1576530	997941	578589	233862	168413	65449	925686	833144	92542	165537	3466651	2481791	984860	520835	379271	141564	2260075	2067507	192568	131	2.183333333	65.82914573	2411	Yes
648	3239	67	280	176	3762	160846	1327	159519	94171	0	94171	140520	638	139882	24140	690139	569	689570	512530	0	512530	588146	285	587861	257	4.283333333	39.66049383	291	Yes
795	2669	42	279	135	3125	108344	3068	105276	69607	2	69605	87166	1478	85688	21419	711481	1458	710023	476104	0	476104	568453	827	567626	394	6.566666667	49.55974843	182	Yes
454	3401	53	265	167	3886	142464	3070	139394	90915	0	90915	111240	1046	110194	36902	637204	1464	635740	430093	0	430093	503571	505	503066	268	4.466666667	59.030837	530	Yes
586	3116	31	253	164	3564	116676	1586	115090	86019	1	86018	99271	645	98626	23848	591758	733	591025	440363	3	440360	496429	288	496141	304	5.066666667	51.87713311	237	Yes
306	2867	19	249	1530	4665	58330	0	58330	23929	0	23929	39215	0	39215	4565	166366	0	166366	65241	0	65241	109057	0	109057	171	2.85	55.88235294	119	No
756	2350	43	248	110	2751	89614	7283	82331	62995	16	62979	76262	2460	73802	14166	516898	4847	512051	408462	4	408458	464404	1716	462688	346	5.766666667	45.76719577	126	No
1955	2696	151	242	687	3776	732922	0	732922	45551	0	45551	74673	0	74673	18917	10011963	0	10011963	652159	0	652159	1049263	0	1049263	819	13.65	41.89258312	1015	Yes
654	3085	53	241	312	3691	1053803	850428	203375	84919	17	84902	167087	65	167022	38439	5761696	4770133	991563	576184	14	576170	751278	135	751143	328	5.466666667	50.1529052	385	Yes
851	2820	105	240	284	3449	250509	2631	247878	138983	4	138979	242793	684	242109	22239	819237	1764	817473	649017	0	649017	784308	420	783888	196	3.266666667	23.03172738	388	Yes
750	3869	117	240	284	4510	200756	3643	197113	135125	13	135112	153943	1142	152801	21627	1038544	2098	1036446	751850	22	751828	829432	726	828706	310	5.166666667	41.33333333	481	Yes
526	4338	59	239	191	4827	183695	3456	180239	122624	0	122624	147224	1433	145791	68016	958452	2384	956068	661958	0	661958	772131	1077	771054	313	5.216666667	59.50570342	648	Yes
796	2301	39	226	135	2701	90436	2705	87731	65080	2	65078	73642	1242	72400	23022	603432	1461	601971	460380	5	460375	499238	714	498524	400	6.666666667	50.25125628	154	No
203	2893	89	223	1630	4835	179906	0	179906	53652	0	53652	139857	0	139857	15126	410684	0	410684	122738	0	122738	323549	0	323549	136	2.266666667	66.99507389	483	Yes
135	5609	48	223	9659	15539	241613	0	241613	138732	0	138732	184864	0	184864	22968	321057	0	321057	183488	0	183488	245276	0	245276	79	1.316666667	58.51851852	476	Yes
1933	6374	144	220	6092	12830	889498	4	889494	58273	0	58273	100599	0	100599	0	11532957	1	11532956	566211	0	566211	1095074	0	1095074	777	12.95	40.19658562	1809	Yes
666	2889	29	213	118	3249	128993	4266	124727	82857	25	82832	102576	1867	100709	32897	805642	2224	803418	557860	25	557835	649376	1111	648265	374	6.233333333	56.15615616	277	Yes
520	3631	58	210	135	4034	146945	1901	145044	78101	3	78098	120812	932	119880	32013	630458	809	629649	415323	1	415322	500336	441	499895	257	4.283333333	49.42307692	444	Yes
608	2547	182	206	399	3334	313225	34	313191	176343	12	176331	243614	34	243580	10978	1055553	27	1055526	581057	13	581044	825922	27	825895	202	3.366666667	33.22368421	907	Yes
327	2403	117	203	205	2928	96974	28599	68375	47365	6149	41216	90952	27017	63935	9586	226632	93374	133258	113076	21379	91697	212243	88417	123826	140	2.333333333	42.81345566	656	Yes
1055	2575	84	202	183	3044	100416	6091	94325	77010	6018	70992	94382	6091	88291	27780	811912	5109	806803	644878	5054	639824	775201	5109	770092	485	8.083333333	45.97156398	328	Yes
7362	3252	148	201	916	4517	207420	3	207417	141263	3	141260	201636	3	201633	0	1026763	0	1026763	935412	0	935412	1005936	0	1005936	297	4.95	4.034229829	327	Yes
833	2877	93	201	237	3408	125096	15629	109467	77909	4220	73689	118949	15629	103320	41790	796065	14449	781616	547237	4589	542648	758767	14449	744318	381	6.35	45.73829532	832	Yes
694	3461	43	200	531	4235	66680	3	66677	46034	1	46033	61848	3	61845	5053	312718	1	312717	218925	0	218925	294216	1	294215	281	4.683333333	40.48991354	354	Yes
236	2517	51	193	2442	5203	221810	0	221810	157113	0	157113	177522	0	177522	26925	565462	0	565462	404243	0	404243	456004	0	456004	152	2.533333333	64.40677966	277	Yes
617	2909	81	192	217	3399	148934	1598	147336	105582	36	105546	135095	862	134233	16159	725290	1457	723833	556642	53	556589	669714	1002	668712	292	4.866666667	47.32576985	254	Yes
692	2398	41	190	282	2911	95677	5774	89903	67962	14	67948	81362	2714	78648	19966	572065	4899	567166	438049	15	438034	498285	2308	495977	358	5.966666667	51.73410405	209	Yes
458	3507	60	190	732	4489	136718	53	136665	27188	1	27187	130553	53	130500	22688	500534	88	500446	91727	0	91727	480686	88	480598	219	3.65	47.81659389	396	Yes
628	3566	127	190	311	4194	670903	412280	258623	141708	14	141694	412888	229877	183011	96582	3657696	2128848	1528848	878069	31	878038	2417599	1307923	1109676	327	5.45	52.07006369	912	Yes
594	2983	93	188	201	3465	130004	1847	128157	88759	0	88759	103901	778	103123	27979	700231	1351	698880	518393	0	518393	569666	536	569130	323	5.383333333	54.37710438	256	Yes
4042	4298	160	181	3198	7837	882909	1	882908	46697	0	46697	91169	0	91169	16497	19336492	16	19336476	599083	0	599083	1506634	0	1506634	1314	21.9	32.50865908	1736	Yes
556	2427	35	172	1433	4067	187398	67	187331	118080	9	118071	175504	64	175440	46261	943009	58	942951	604192	1	604191	881743	56	881687	301	5.016666667	54.13669065	291	Yes
579	2574	66	171	135	2946	100328	6023	94305	71317	15	71302	83673	2392	81281	20446	518715	3798	514917	412476	22	412454	444250	1612	442638	310	5.166666667	53.54058722	154	No
170	3972	83	171	15095	19321	586262	6	586256	89078	2	89076	164520	6	164514	19461	1106347	5	1106342	177634	2	177632	332856	5	332851	113	1.883333333	66.47058824	659	Yes
324	2076	25	168	3864	6133	82941	61	82880	44412	40	44372	66645	61	66584	11655	233377	38	233339	130436	15	130421	192555	38	192517	168	2.8	51.85185185	165	Yes
703	2889	50	168	293	3400	185402	65	185337	115279	6	115273	137315	65	137250	37965	1311774	139	1311635	822543	12	822531	971899	139	971760	424	7.066666667	60.31294452	396	Yes
680	1255	44	167	349	1815	616155	474081	142074	283361	207619	75742	603895	474081	129814	101309	3102680	2341849	760831	1639214	1218871	420343	3037713	2341849	695864	302	5.033333333	44.41176471	234	Yes
373	2521	62	167	692	3442	94396	0	94396	45515	0	45515	72391	0	72391	6399	312430	0	312430	144907	0	144907	238486	0	238486	198	3.3	53.08310992	312	Yes
547	2836	75	165	381	3457	463156	278993	184163	53747	0	53747	238311	131720	106591	76939	2571496	1526083	1045413	336211	0	336211	1400262	749726	650536	333	5.55	60.87751371	860	Yes
1973	3012	99	165	774	4050	605062	0	605062	60422	0	60422	91081	0	91081	26358	9157844	0	9157844	805243	0	805243	1235476	0	1235476	908	15.13333333	46.02128738	1080	Yes
540	3130	32	163	1288	4613	130057	0	130057	64494	0	64494	81732	0	81732	13106	677256	0	677256	348064	0	348064	427532	0	427532	312	5.2	57.77777778	168	Yes
659	2655	50	160	276	3141	542952	386216	156736	97979	0	97979	219018	97921	121097	77325	3755758	2645510	1110248	696243	0	696243	1563360	709883	853477	415	6.916666667	62.97420334	394	Yes
189	2933	42	160	1785	4920	79025	0	79025	48152	0	48152	68748	0	68748	9450	166741	0	166741	102690	0	102690	146096	0	146096	126	2.1	66.66666667	376	Yes
262	1604	21	156	729	2510	1687969	1626774	61195	46990	18568	28422	1671009	1626774	44235	617244	5426633	5275418	151215	120017	52224	67793	5384816	5275418	109398	192	3.2	73.28244275	182	Yes
132	1457	40	156	241	1894	50085	8	50077	34880	0	34880	46961	8	46953	13561	70318	3	70315	52585	0	52585	66861	3	66858	84	1.4	63.63636364	324	Yes
342	4541	109	156	659	5465	244359	0	244359	50798	0	50798	201628	0	201628	13535	780995	0	780995	143325	0	143325	646284	0	646284	191	3.183333333	55.84795322	498	Yes
440	3174	76	155	1464	4869	322706	62	322644	120673	12	120661	181438	62	181376	23996	1313947	63	1313884	504124	15	504109	749935	63	749872	244	4.066666667	55.45454545	531	Yes
166	1434	115	155	930	2634	111418	0	111418	25177	0	25177	51982	0	51982	5184	212910	0	212910	43308	0	43308	95004	0	95004	114	1.9	68.6746988	186	Yes
733	2019	51	154	119	2343	78418	3795	74623	53986	4	53982	65866	1797	64069	15864	465396	1671	463725	354574	14	354560	395519	830	394689	356	5.933333333	48.5675307	145	No
17216	6170	217	147	4996	11530	411802	1	411801	312406	1	312405	351250	1	351249	9458	9126400	2	9126398	6053601	2	6053599	7315955	2	7315953	1329	22.15	7.719563197	3154	Yes
725	3481	108	145	361	4095	172204	45769	126435	97703	18744	78959	164754	45338	119416	47135	867742	38041	829701	546845	17957	528888	826277	37791	788486	302	5.033333333	41.65517241	2314	Yes
227	1645	33	145	1179	3002	122357	1	122356	63124	0	63124	79948	1	79947	6561	296912	0	296912	147821	0	147821	191363	0	191363	145	2.416666667	63.87665198	195	Yes
180	1698	23	143	1585	3449	5037631	2988880	2048751	106673	47394	59279	5024594	2988869	2035725	600104	10191289	5923631	4267658	246885	114214	132671	10163779	5924428	4239351	121	2.016666667	67.22222222	799	Yes
693	2361	63	143	1522	4089	233091	112	232979	65619	6	65613	180822	112	180710	21742	740543	131	740412	388280	3	388277	654791	131	654660	190	3.166666667	27.41702742	388	Yes
772	2322	94	138	110	2664	210518	4848	205670	69441	2	69439	161082	2328	158754	14242	592841	3206	589635	416937	0	416937	493556	1584	491972	168	2.8	21.76165803	284	Yes
675	2895	63	138	286	3382	422019	238207	183812	95882	0	95882	246558	111273	135285	67832	2699556	1439835	1259721	675631	0	675631	1649548	713778	935770	383	6.383333333	56.74074074	526	Yes
417	1447	170	136	228	1981	16265	0	16265	16264	0	16264	16264	0	16264	2451	62487	0	62487	62487	0	62487	62487	0	62487	230	3.833333333	55.1558753	16	No
186	4124	103	135	5317	9679	529831	328166	201665	169067	19546	149521	512111	328165	183946	47245	1130814	697650	433164	368733	39871	328862	1094494	697649	396845	128	2.133333333	68.8172043	594	Yes
648	2249	51	134	1132	3566	128484	22	128462	49823	0	49823	101057	22	101035	15412	642469	30	642439	252163	0	252163	512101	30	512071	300	5	46.2962963	478	Yes
648	2599	100	133	342	3174	439023	246114	192909	92709	1	92708	220370	79613	140757	55766	2530240	1330396	1199844	595417	6	595411	1361704	494469	867235	345	5.75	53.24074074	572	Yes
254	1676	49	131	387	2243	100965	0	100965	84554	0	84554	94968	0	94968	9464	262283	0	262283	222994	0	222994	248792	0	248792	155	2.583333333	61.02362205	120	No
770	2264	68	130	141	2603	90904	4865	86039	59585	2462	57123	85056	4865	80191	26375	607359	4345	603014	414627	2462	412165	575423	4345	571078	400	6.666666667	51.94805195	383	Yes
2654	2186	61	128	1236	3611	263621	43	263578	83738	10	83728	132048	43	132005	14297	3619165	66	3619099	992808	49	992759	1675698	66	1675632	823	13.71666667	31.00979653	621	Yes
735	2923	56	128	261	3368	378709	214937	163772	94966	0	94966	203093	78024	125069	50258	2497090	1294894	1202196	706193	0	706193	1468332	546218	922114	395	6.583333333	53.7414966	432	Yes
263	1103	13	127	312	1555	55379	0	55379	25999	0	25999	30387	0	30387	5004	151853	0	151853	69060	0	69060	81178	0	81178	164	2.733333333	62.35741445	69	No
134	1675	54	127	513	2369	60884	2504	58380	48038	0	48038	53057	149	52908	5042	75359	3256	72103	57983	0	57983	64558	194	64364	74	1.233333333	55.2238806	47	No
5547	1396	96	126	924	2542	212924	0	212924	48754	0	48754	142712	0	142712	26709	6562413	0	6562413	983547	0	983547	3907508	0	3907508	1849	30.81666667	33.33333333	337	Yes
146	2793	80	123	488	3484	202913	0	202913	41635	0	41635	171363	0	171363	12981	303440	0	303440	66506	0	66506	262094	0	262094	89	1.483333333	60.95890411	318	Yes
198	2756	33	122	818	3729	107086	28	107058	55299	11	55288	72967	28	72939	9915	207108	14	207094	114001	8	113993	146254	14	146240	116	1.933333333	58.58585859	217	Yes
115	1228	42	118	739	2127	97422	0	97422	59766	0	59766	68106	0	68106	7991	114801	0	114801	69660	0	69660	79731	0	79731	70	1.166666667	60.86956522	84	No
243	2321	18	115	701	3155	76489	1	76488	57564	1	57563	66530	1	66529	8819	187967	0	187967	143411	0	143411	165256	0	165256	147	2.45	60.49382716	110	No
777	1572	141	112	256	2081	172179	41	172138	134782	14	134768	153291	41	153250	9877	609615	35	609580	486233	10	486223	549491	35	549456	212	3.533333333	27.28442728	652	Yes
485	2126	53	111	1410	3700	183926	0	183926	60134	0	60134	70313	0	70313	19657	761996	0	761996	212184	0	212184	257011	0	257011	248	4.133333333	51.13402062	227	Yes
628	1118	20	106	461	1705	67712	16	67696	46649	1	46648	59034	16	59018	14641	356351	12	356339	241120	0	241120	308196	12	308184	315	5.25	50.15923567	116	No
8716	3203	196	106	664	4169	315802	28	315774	107719	8	107711	201425	28	201397	3611	2370413	215	2370198	872915	211	872704	1548350	215	1548135	450	7.5	5.16291877	1806	Yes
773	1647	28	105	412	2192	90457	78	90379	41103	50	41053	64730	78	64652	16661	514146	144	514002	228139	80	228059	367971	144	367827	341	5.683333333	44.11384217	564	Yes
473	2435	36	104	714	3289	131565	75	131490	96803	15	96788	116612	75	116537	19926	619765	42	619723	459603	5	459598	551533	42	551491	282	4.7	59.61945032	199	Yes
307	3923	56	104	435	4518	149591	10	149581	85925	0	85925	132464	10	132454	14225	497122	1	497121	291215	0	291215	450434	1	450433	199	3.316666667	64.82084691	1313	Yes
9596	3523	298	104	1227	5152	806384	2	806382	95535	2	95533	127220	2	127218	0	52762157	0	52762157	2207697	0	2207697	3592307	0	3592307	3925	65.41666667	40.90245936	971	Yes
806	2465	49	104	386	3004	157380	0	157380	33228	0	33228	55459	0	55459	8413	1161914	0	1161914	230323	0	230323	407647	0	407647	442	7.366666667	54.83870968	461	Yes
649	1253	38	103	242	1636	471425	425737	45688	28901	2	28899	38394	3	38391	10723	2889173	2664318	224855	134980	7	134973	186629	7	186622	367	6.116666667	56.54853621	136	No
7026	1670	84	102	699	2555	232808	1	232807	57756	0	57756	77800	0	77800	0	5551722	0	5551722	1059829	0	1059829	1552314	0	1552314	1430	23.83333333	20.35297467	623	Yes
1135	2225	45	99	2123	4492	134786	28343	106443	65614	17266	48348	106901	23608	83293	11893	1018065	155604	862461	470915	96911	374004	814841	132759	682082	453	7.55	39.91189427	299	Yes
194	2930	168	99	1217	4414	293312	84824	208488	51898	3	51895	153287	61172	92115	23866	521962	201333	320629	99657	0	99657	306272	145627	160645	106	1.766666667	54.63917526	1013	Yes
206	2473	48	98	253	2872	202597	0	202597	61247	0	61247	134486	0	134486	13617	446257	0	446257	135371	0	135371	305536	0	305536	132	2.2	64.0776699	187	Yes
545	1353	56	97	224	1730	78104	11	78093	65375	1	65374	77751	11	77740	6978	234497	4	234493	175202	0	175202	232672	4	232668	180	3	33.02752294	250	Yes
859	1362	48	97	381	1888	65310	22	65288	46399	15	46384	60162	22	60140	9729	368460	66	368394	254551	44	254507	336921	66	336855	338	5.633333333	39.34807916	244	Yes
209	2963	60	97	1150	4270	110587	10513	100074	62318	10495	51823	105550	10513	95037	10543	234638	4256	230382	123900	4254	119646	224054	4256	219798	127	2.116666667	60.76555024	408	Yes
191	1359	16	96	121	1592	20609	0	20609	20609	0	20609	20609	0	20609	2160	29198	0	29198	29198	0	29198	29198	0	29198	85	1.416666667	44.5026178	166	Yes
698	2204	54	95	556	2909	427581	354016	73565	42402	2	42400	61658	12	61646	6081	1668576	1325411	343165	194497	11	194486	280087	26	280061	234	3.9	33.5243553	463	Yes
2645	759	31	95	212	1097	48208	1	48207	24325	1	24324	41404	1	41403	3723	610281	2	610279	288811	2	288809	522924	2	522922	759	12.65	28.69565217	84	No
785	1154	41	95	236	1526	105928	21	105907	60092	0	60092	73883	21	73862	24072	720357	45	720312	382720	0	382720	480957	45	480912	408	6.8	51.97452229	146	No
453	1208	187	95	168	1658	42825	0	42825	30238	0	30238	34539	0	34539	4276	158439	0	158439	109673	0	109673	125569	0	125569	221	3.683333333	48.78587196	99	No
163	1513	21	93	399	2026	65331	2	65329	54274	0	54274	61565	2	61563	13265	126563	0	126563	106503	0	106503	120063	0	120063	116	1.933333333	71.16564417	96	No
189	1103	24	93	116	1336	32986	0	32986	23662	0	23662	27221	0	27221	4426	42530	0	42530	28427	0	28427	33617	0	33617	77	1.283333333	40.74074074	200	Yes
320	1613	25	91	396	2125	38297	0	38297	28212	0	28212	32822	0	32822	3048	103802	0	103802	76120	0	76120	88837	0	88837	162	2.7	50.625	93	No
8445	3741	286	90	1210	5327	627346	0	627346	71179	0	71179	90159	0	90159	24092	33413554	0	33413554	1452175	0	1452175	2119595	0	2119595	3195	53.25	37.8330373	1075	Yes
177	1222	13	87	400	1722	47977	0	47977	41035	0	41035	46944	0	46944	8711	82448	0	82448	69918	0	69918	80563	0	80563	103	1.716666667	58.1920904	63	No
157	2292	38	86	390	2806	106365	9	106356	74151	1	74150	88621	7	88614	9398	154878	9	154869	109503	1	109502	129943	5	129938	87	1.45	55.41401274	217	Yes
527	1219	24	83	380	1706	71829	27	71802	49785	1	49784	63345	27	63318	15216	351387	27	351360	240227	0	240227	309716	27	309689	293	4.883333333	55.59772296	129	No
164	999	32	83	278	1392	54064	1	54063	27193	0	27193	41638	1	41637	5779	93649	0	93649	45502	0	45502	72258	0	72258	103	1.716666667	62.80487805	50	No
927	952	36	82	234	1304	101255	29	101226	68964	4	68960	97663	24	97639	32900	792053	45	792008	519869	1	519868	757562	43	757519	469	7.816666667	50.59331176	153	No
193	970	26	82	360	1438	53098	0	53098	43834	0	43834	48547	0	48547	9586	108541	0	108541	90667	0	90667	100325	0	100325	122	2.033333333	63.21243523	73	No
193	1464	19	82	1046	2611	85498	0	85498	48976	0	48976	58002	0	58002	10959	192937	0	192937	108068	0	108068	128832	0	128832	135	2.25	69.94818653	170	Yes
186	1349	39	81	398	1867	1151232	1118719	32513	33646	13930	19716	1064132	1035394	28738	100543	2141010	2076872	64138	66082	28420	37662	1975799	1918527	57272	111	1.85	59.67741935	144	No
606	4372	76	81	1318	5847	377384	0	377384	25756	0	25756	64235	0	64235	9205	2026464	0	2026464	141214	0	141214	367357	0	367357	322	5.366666667	53.13531353	1852	Yes
552	1345	29	80	293	1747	59634	4	59630	47945	3	47942	59634	4	59630	7685	193784	16	193768	141833	16	141817	193784	16	193768	194	3.233333333	35.14492754	166	Yes
5345	1336	52	80	588	2056	110772	2	110770	51286	2	51284	91534	2	91532	8157	1973036	0	1973036	1030359	0	1030359	1625009	0	1625009	1068	17.8	19.98129093	362	Yes
192	1094	27	79	243	1443	19289	2	19287	14109	2	14107	16424	2	16422	2014	37200	3	37197	27159	3	27156	32207	3	32204	115	1.916666667	59.89583333	50	No
632	2428	72	78	263	2841	166415	1	166414	37798	1	37797	60875	1	60874	7491	926317	6	926311	176127	6	176121	300081	6	300075	333	5.55	52.68987342	617	Yes
4661	2123	119	77	914	3233	335386	49	335337	34945	0	34945	116129	49	116080	4866	3079177	70	3079107	264227	0	264227	934987	70	934917	550	9.166666667	11.80004291	1297	Yes
81	1010	14	77	857	1958	36572	0	36572	24127	0	24127	28699	0	28699	16	34274	0	34274	21889	0	21889	26391	0	26391	56	0.933333333	69.13580247	37	No
191	1028	40	75	245	1388	41603	1	41602	29640	0	29640	34975	1	34974	3040	72847	0	72847	50961	0	50961	61150	0	61150	105	1.75	54.97382199	41	No
799	946	16	75	291	1328	94631	0	94631	33961	0	33961	40143	0	40143	9384	714374	0	714374	238476	0	238476	280553	0	280553	452	7.533333333	56.57071339	159	No
136	846	25	74	485	1430	0	0	0	19487	0	19487	19487	0	19487	2322	24824	0	24824	24824	0	24824	24824	0	24824	76	1.266666667	55.88235294	9	No
3830	1795	97	74	779	2745	429703	0	429703	33102	0	33102	59455	0	59455	0	8249663	0	8249663	352054	0	352054	887897	0	887897	1151	19.18333333	30.05221932	890	Yes
142	1288	39	73	255	1655	36521	0	36521	27072	0	27072	31632	0	31632	3844	47311	0	47311	34786	0	34786	40773	0	40773	77	1.283333333	54.22535211	55	No
2696	1301	41	73	219	1634	238604	0	238604	33682	0	33682	45978	0	45978	17722	5840640	0	5840640	612378	0	612378	879529	0	879529	1468	24.46666667	54.45103858	276	Yes
155	2092	34	72	1979	4177	106123	0	106123	54644	0	54644	63501	0	63501	8163	176910	0	176910	91385	0	91385	106373	0	106373	100	1.666666667	64.51612903	152	No
173	1537	19	71	1011	2638	49260	4	49256	33847	4	33843	45536	4	45532	7377	83188	0	83188	55434	0	55434	76515	0	76515	101	1.683333333	58.38150289	97	No
469	846	31	70	186	1133	39957	0	39957	27831	0	27831	37329	0	37329	3675	140180	0	140180	94180	0	94180	131434	0	131434	210	3.5	44.7761194	83	No
110	452	50	70	80	652	21017	0	21017	13066	0	13066	14367	0	14367	1699	24939	0	24939	14527	0	14527	16089	0	16089	71	1.183333333	64.54545455	15	No
314	1790	36	69	1302	3197	137132	20	137112	80924	10	80914	117348	20	117328	30890	433391	28	433363	256479	20	256459	370167	28	370139	189	3.15	60.1910828	324	Yes
859	643	27	69	122	861	82879	58362	24517	17757	0	17757	72954	51201	21753	13642	505865	413970	91895	61341	0	61341	454755	374236	80519	366	6.1	42.60768335	56	No
472	2077	137	69	408	2691	203159	40299	162860	31961	0	31961	56633	0	56633	5796	767188	21182	746006	125970	0	125970	236939	0	236939	226	3.766666667	47.88135593	904	Yes
125	618	241	67	197	1123	46198	8	46190	39776	7	39769	45518	8	45510	3577	57672	11	57661	49591	8	49583	56858	11	56847	74	1.233333333	59.2	44	No
564	933	26	66	369	1394	730794	612386	118408	18771	0	18771	25608	0	25608	6772	3615414	2936425	678989	73260	0	73260	110456	0	110456	296	4.933333333	52.4822695	111	No
212	1760	35	65	1015	2875	57023	796	56227	40815	796	40019	46444	796	45648	5294	129134	1819	127315	93556	1819	91737	106536	1819	104717	135	2.25	63.67924528	77	No
158	1944	111	65	538	2658	71012	0	71012	71012	0	71012	71012	0	71012	4233	120295	0	120295	120295	0	120295	120295	0	120295	101	1.683333333	63.92405063	65	No
333	1394	21	63	1040	2518	80516	0	80516	55208	0	55208	77036	0	77036	18552	256691	0	256691	174438	0	174438	245671	0	245671	191	3.183333333	57.35735736	198	Yes
191	1337	18	63	131	1549	31817	0	31817	24991	0	24991	28540	0	28540	3051	44281	0	44281	34554	0	34554	39658	0	39658	83	1.383333333	43.45549738	211	Yes
2607	832	30	62	332	1256	27160	1	27159	18064	1	18063	24063	1	24062	1595	289076	1	289075	166926	1	166925	245842	1	245841	638	10.63333333	24.47257384	53	No
385	1016	166	62	329	1573	305231	269913	35318	12243	3	12240	194028	164570	29458	42182	1012844	904079	108765	33637	2	33635	687093	594668	92425	199	3.316666667	51.68831169	304	Yes
705	987	20	60	268	1335	54513	2	54511	34194	1	34193	50375	1	50374	8001	252739	1	252738	136718	1	136717	228751	1	228750	278	4.633333333	39.43262411	168	Yes
441	698	17	60	109	884	15795	0	15795	11012	0	11012	14369	0	14369	2160	42567	0	42567	27325	0	27325	38410	0	38410	161	2.683333333	36.50793651	68	No
5327	1281	48	60	698	2087	64252	4	64248	43583	3	43580	54404	4	54400	4744	888057	42	888015	678206	0	678206	783885	42	783843	829	13.81666667	15.56223015	547	Yes
423	1291	37	60	236	1624	53241	2	53239	34296	0	34296	48071	2	48069	11750	200413	0	200413	129703	0	129703	182551	0	182551	225	3.75	53.19148936	133	No
294	1407	26	60	135	1628	60231	0	60231	40435	0	40435	55065	0	55065	7967	195350	0	195350	127305	0	127305	179417	0	179417	194	3.233333333	65.98639456	397	Yes
712	636	48	59	59	802	29583	35	29548	27303	0	27303	28971	35	28936	3353	130930	30	130900	122309	0	122309	129011	30	128981	265	4.416666667	37.21910112	34	No
201	1034	14	59	325	1432	53012	1	53011	43988	0	43988	47964	1	47963	10211	108521	0	108521	88953	0	88953	97672	0	97672	122	2.033333333	60.69651741	47	No
190	887	21	57	140	1105	43763	0	43763	35742	0	35742	43531	0	43531	7452	71008	0	71008	57063	0	57063	70593	0	70593	97	1.616666667	51.05263158	69	No
866	782	53	56	135	1026	69546	0	69546	29860	0	29860	42973	0	42973	7826	474524	0	474524	170808	0	170808	264144	0	264144	409	6.816666667	47.22863741	92	No
218	614	2	56	129	801	24907	0	24907	17030	0	17030	19804	0	19804	3331	45915	0	45915	28240	0	28240	33803	0	33803	110	1.833333333	50.4587156	22	No
195	504	11	56	118	689	32618	0	32618	17552	0	17552	20837	0	20837	4690	63048	0	63048	30409	0	30409	37348	0	37348	115	1.916666667	58.97435897	16	No
89	855	15	56	205	1131	57162	0	57162	32440	0	32440	37127	0	37127	4485	55681	0	55681	31819	0	31819	36010	0	36010	58	0.966666667	65.16853933	46	No
129	797	11	56	855	1719	54956	0	54956	28759	0	28759	31014	0	31014	4175	81847	0	81847	40905	0	40905	44129	0	44129	89	1.483333333	68.99224806	24	No
814	811	35	55	209	1110	31916	3	31913	19604	1	19603	24216	2	24214	2482	145965	12	145953	85536	11	85525	110660	11	110649	274	4.566666667	33.66093366	82	No
337	1065	37	55	681	1838	49408	0	49408	32889	0	32889	44095	0	44095	4707	140429	0	140429	89652	0	89652	125749	0	125749	170	2.833333333	50.44510386	58	No
147	1575	25	55	456	2111	37805	0	37805	26040	0	26040	30538	0	30538	3891	64524	0	64524	44237	0	44237	52257	0	52257	102	1.7	69.3877551	77	No
144	786	15	54	104	959	19908	0	19908	17492	0	17492	19908	0	19908	3904	27006	0	27006	23421	0	23421	27006	0	27006	81	1.35	56.25	24	No
311	1114	14	53	220	1401	37226	0	37226	30420	0	30420	35534	0	35534	6352	97336	0	97336	77926	0	77926	92652	0	92652	156	2.6	50.1607717	58	No
499	641	42	53	172	908	1008488	977327	31161	16196	0	16196	728661	702936	25725	232031	5076367	4993098	83269	34104	0	34104	3664511	3598878	65633	302	5.033333333	60.52104208	65	No
1057	1254	83	53	565	1955	93597	19369	74228	15082	121	14961	46707	18403	28304	6754	596285	8060	588225	91170	21	91149	206683	7676	199007	382	6.366666667	36.14001892	337	Yes
272	347	44	52	58	501	14141	20	14121	11675	20	11655	13260	20	13240	1750	29344	45	29299	24218	45	24173	27519	45	27474	124	2.066666667	45.58823529	24	No
596	807	18	52	233	1110	870339	763895	106444	21090	0	21090	27549	1	27548	5187	4219720	3692010	527710	88373	0	88373	119959	0	119959	290	4.833333333	48.65771812	78	No
145	506	9	52	125	692	28712	0	28712	20948	0	20948	24336	0	24336	4024	39802	0	39802	27292	0	27292	32673	0	32673	83	1.383333333	57.24137931	22	No
218	1175	20	51	466	1712	46948	7	46941	35038	2	35036	45243	7	45236	11192	95450	11	95439	69527	3	69524	91668	11	91657	121	2.016666667	55.50458716	77	No
809	780	32	51	219	1082	53118	102	53016	43508	14	43494	50816	102	50714	2870	161840	135	161705	119354	1	119353	151372	135	151237	182	3.033333333	22.49690977	105	No
103	1173	35	51	188	1447	26836	1	26835	22853	1	22852	25576	1	25575	4998	27638	1	27637	24323	1	24322	26673	1	26672	61	1.016666667	59.22330097	88	No
154	1393	7	51	540	1991	43748	1	43747	27975	0	27975	33095	0	33095	4595	66078	0	66078	42258	0	42258	50198	0	50198	90	1.5	58.44155844	104	No
593	748	28	50	197	1023	28539	29	28510	22969	26	22943	28277	29	28248	5070	99604	112	99492	72847	92	72755	98523	112	98411	209	3.483333333	35.24451939	105	No
913	876	34	50	247	1207	70842	0	70842	45940	0	45940	55486	0	55486	17924	528650	0	528650	312620	0	312620	384235	0	384235	447	7.45	48.95947426	73	No
134	1489	20	50	508	2067	40047	1	40046	26602	1	26601	36553	1	36552	7324	61755	0	61755	40489	0	40489	56966	0	56966	92	1.533333333	68.65671642	56	No
390	496	42	50	81	669	22154	1	22153	15494	1	15493	19217	1	19216	2254	47366	0	47366	31684	0	31684	40506	0	40506	128	2.133333333	32.82051282	45	No
150	1823	39	50	505	2417	78804	0	78804	58717	0	58717	65516	0	65516	10864	121452	0	121452	90646	0	90646	101199	0	101199	92	1.533333333	61.33333333	103	No
185	1409	23	50	189	1671	54195	0	54195	37950	0	37950	42142	0	42142	4599	94968	0	94968	71527	0	71527	79106	0	79106	105	1.75	56.75675676	106	No
207	710	22	49	175	956	23282	0	23282	17936	0	17936	21393	0	21393	2005	37977	0	37977	28430	0	28430	34973	0	34973	97	1.616666667	46.85990338	32	No
8129	2056	68	49	640	2813	92873	0	92873	63822	0	63822	77043	0	77043	5081	1986587	0	1986587	1256454	0	1256454	1589622	0	1589622	1283	21.38333333	15.78299914	288	Yes
118	671	16	49	107	843	22235	0	22235	17738	0	17738	18893	0	18893	1954	28416	0	28416	22733	0	22733	24217	0	24217	76	1.266666667	64.40677966	21	No
482	484	20	48	55	607	21114	6	21108	19074	6	19068	21114	6	21108	2796	45495	3	45492	37859	3	37856	45495	3	45492	129	2.15	26.76348548	28	No
81	718	19	48	132	917	19614	0	19614	14325	0	14325	18154	0	18154	1509	17066	0	17066	12398	0	12398	15796	0	15796	52	0.866666667	64.19753086	58	No
469	823	14	48	153	1038	32073	2	32071	19433	2	19431	24075	2	24073	2990	124310	1	124309	71457	1	71456	89346	1	89345	232	3.866666667	49.46695096	53	No
171	889	22	48	351	1310	58947	9	58938	35122	0	35122	42560	4	42556	4436	105466	7	105459	64477	0	64477	77190	4	77186	107	1.783333333	62.57309942	88	No
365	989	19	48	157	1213	61651	1	61650	28218	0	28218	34036	0	34036	2737	185526	6	185520	91328	0	91328	109379	0	109379	180	3	49.31506849	68	No
295	1019	24	48	130	1221	30982	0	30982	25642	0	25642	28262	0	28262	2856	71759	0	71759	57875	0	57875	64538	0	64538	138	2.3	46.77966102	31	No
173	854	12	47	216	1129	27786	0	27786	20009	0	20009	27786	0	27786	7076	54244	0	54244	37471	0	37471	54244	0	54244	117	1.95	67.6300578	29	No
832	635	23	47	165	870	63935	0	63935	20143	0	20143	30618	0	30618	5199	480519	0	480519	125834	0	125834	206088	0	206088	450	7.5	54.08653846	68	No
116	1235	24	47	251	1557	31360	0	31360	23619	0	23619	27434	0	27434	3614	36976	0	36976	27129	0	27129	31773	0	31773	70	1.166666667	60.34482759	33	No
324	1000	26	47	82	1155	41779	0	41779	25265	0	25265	32486	0	32486	3216	97042	0	97042	56637	0	56637	75758	0	75758	139	2.316666667	42.90123457	47	No
127	1147	48	47	207	1449	34127	0	34127	25553	0	25553	28438	0	28438	2452	35408	0	35408	26101	0	26101	29424	0	29424	62	1.033333333	48.81889764	62	No
217	609	9	46	59	723	14364	0	14364	12689	0	12689	14086	0	14086	2488	25442	0	25442	22264	0	22264	25061	0	25061	106	1.766666667	48.84792627	30	No
95	778	37	46	209	1070	18778	0	18778	15197	0	15197	17878	0	17878	3825	20300	0	20300	16410	0	16410	19339	0	19339	64	1.066666667	67.36842105	39	No
250	1128	25	46	574	1773	35205	0	35205	23133	0	23133	29257	0	29257	6274	79435	0	79435	50894	0	50894	65345	0	65345	135	2.25	54	52	No
214	640	14	46	195	895	28313	0	28313	17505	0	17505	19645	0	19645	3067	53607	0	53607	28860	0	28860	32970	0	32970	113	1.883333333	52.80373832	46	No
179	748	15	46	347	1156	49622	0	49622	30675	0	30675	37461	0	37461	5871	97547	0	97547	59888	0	59888	73317	0	73317	117	1.95	65.36312849	62	No
10850	1579	97	46	366	2088	323703	0	323703	44313	0	44313	51596	0	51596	13023	22222065	0	22222065	1286087	0	1286087	1509596	0	1509596	4119	68.65	37.96313364	378	Yes
651	645	12	46	109	812	51658	0	51658	18757	0	18757	23086	0	23086	3909	285602	0	285602	94014	0	94014	118299	0	118299	331	5.516666667	50.84485407	40	No
149	408	8	45	52	513	13161	0	13161	10024	0	10024	11906	0	11906	1939	16311	0	16311	11686	0	11686	14464	0	14464	74	1.233333333	49.66442953	19	No
827	1569	106	45	1032	2752	111186	45310	65876	22096	523	21573	79156	40421	38735	7584	519102	108707	410395	136216	3230	132986	337939	106755	231184	280	4.666666667	33.8573156	495	Yes
164	526	22	44	128	720	27995	0	27995	20522	0	20522	23895	0	23895	3543	42182	0	42182	28811	0	28811	34915	0	34915	90	1.5	54.87804878	29	No
121	1096	19	44	1127	2286	44881	0	44881	23814	0	23814	32157	0	32157	4909	56520	0	56520	27923	0	27923	39468	0	39468	75	1.25	61.98347107	65	No
283	1139	20	44	158	1361	47677	0	47677	34769	0	34769	41081	0	41081	3597	90930	0	90930	64030	0	64030	77721	0	77721	114	1.9	40.28268551	53	No
277	583	14	44	99	740	19661	0	19661	13267	0	13267	15945	0	15945	2045	44173	0	44173	27685	0	27685	33945	0	33945	134	2.233333333	48.37545126	37	No
368	712	8	44	170	934	28845	0	28845	22263	0	22263	25490	0	25490	2305	85480	0	85480	64048	0	64048	74933	0	74933	177	2.95	48.09782609	35	No
205	632	11	43	150	836	28178	0	28178	19577	0	19577	24448	0	24448	3374	51260	0	51260	32756	0	32756	43275	0	43275	109	1.816666667	53.17073171	42	No
80	908	40	43	124	1115	36215	0	36215	28786	0	28786	31108	0	31108	3737	30127	0	30127	23411	0	23411	25477	0	25477	49	0.816666667	61.25	28	No
98	1178	16	43	373	1610	32887	0	32887	27125	0	27125	30155	0	30155	4028	36336	0	36336	30005	0	30005	33427	0	33427	66	1.1	67.34693878	34	No
748	959	50	42	77	1128	36199	0	36199	23967	0	23967	29949	0	29949	1304	91486	0	91486	55920	0	55920	72954	0	72954	151	2.516666667	20.18716578	62	No
142	679	32	42	114	867	25963	0	25963	22054	0	22054	25963	0	25963	2622	41479	0	41479	36420	0	36420	41479	0	41479	95	1.583333333	66.90140845	36	No
522	1031	11	42	311	1395	31565	0	31565	16542	0	16542	24431	0	24431	2282	125485	0	125485	65653	0	65653	101158	0	101158	238	3.966666667	45.59386973	43	No
151	718	12	42	155	927	40420	0	40420	28215	0	28215	31849	0	31849	3815	65722	0	65722	45617	0	45617	51699	0	51699	97	1.616666667	64.2384106	42	No
289	856	30	42	61	989	39491	0	39491	16581	0	16581	19532	0	19532	1517	75608	0	75608	33375	0	33375	41289	0	41289	114	1.9	39.44636678	73	No
425	768	11	42	90	911	33220	0	33220	26234	0	26234	30451	0	30451	4771	124050	0	124050	94602	0	94602	114107	0	114107	224	3.733333333	52.70588235	27	No
201	723	17	42	229	1011	20851	0	20851	18221	0	18221	19931	0	19931	2841	28296	0	28296	24086	0	24086	26892	0	26892	81	1.35	40.29850746	24	No
186	628	13	41	124	806	21939	0	21939	19039	0	19039	21614	0	21614	3708	33576	0	33576	28445	0	28445	32996	0	32996	91	1.516666667	48.92473118	23	No
3130	475	11	41	160	687	21797	1	21796	18747	0	18747	20628	0	20628	835	124430	4	124426	101740	0	101740	116845	0	116845	342	5.7	10.92651757	46	No
2913	941	48	41	426	1456	72909	0	72909	37264	0	37264	64269	0	64269	2256	587599	0	587599	271539	0	271539	515276	0	515276	483	8.05	16.58084449	228	Yes
536	876	40	41	450	1407	42975	12681	30294	24292	12681	11611	25986	12681	13305	1615	141143	7263	133880	53717	7263	46454	62125	7263	54862	197	3.283333333	36.75373134	185	Yes
199	288	80	41	21	430	14466	0	14466	12473	0	12473	13433	0	13433	1274	16653	0	16653	13718	0	13718	15184	0	15184	69	1.15	34.67336683	10	No
381	896	15	41	245	1197	38628	0	38628	28368	0	28368	33054	0	33054	4253	113275	0	113275	80014	0	80014	95955	0	95955	175	2.916666667	45.93175853	50	No
192	551	34	41	30	656	27723	0	27723	26051	0	26051	27122	0	27122	2311	44407	0	44407	41591	0	41591	43409	0	43409	96	1.6	50	20	No
532	1412	39	41	1788	3280	188047	0	188047	23809	0	23809	43176	0	43176	1183	517836	0	517836	72835	0	72835	126741	0	126741	165	2.75	31.01503759	469	Yes
789	335	13	40	112	500	14805	0	14805	11020	0	11020	14017	0	14017	2103	47162	0	47162	31243	0	31243	43917	0	43917	191	3.183333333	24.20785805	32	No
450	829	21	40	328	1218	51943	2	51941	32291	0	32291	38838	2	38836	10039	190263	9	190254	121143	0	121143	145131	9	145122	219	3.65	48.66666667	101	No
5112	445	63	40	549	1097	73102	0	73102	36876	0	36876	49507	0	49507	2710	808968	0	808968	275640	0	275640	445626	0	445626	664	11.06666667	12.98904538	189	Yes
4592	1874	96	40	895	2905	109041	0	109041	64208	0	64208	76594	0	76594	4412	987205	0	987205	542117	0	542117	655679	0	655679	543	9.05	11.82491289	345	Yes
143	726	13	40	157	936	26239	0	26239	19804	0	19804	22981	0	22981	3001	42173	0	42173	32157	0	32157	37492	0	37492	96	1.6	67.13286713	13	No
765	422	24	39	45	530	13770	2	13768	11540	2	11538	12664	2	12662	670	37942	0	37942	28866	0	28866	33892	0	33892	165	2.75	21.56862745	20	No
572	577	29	39	56	701	21241	0	21241	16065	0	16065	18023	0	18023	2703	56889	0	56889	35109	0	35109	43364	0	43364	160	2.666666667	27.97202797	31	No
333	623	21	39	63	746	23387	0	23387	17863	0	17863	20692	0	20692	1916	57411	0	57411	42818	0	42818	50430	0	50430	147	2.45	44.14414414	32	No
234	505	17	39	161	722	842081	808875	33206	22023	0	22023	833780	808875	24905	242134	2257190	2189067	68123	42564	0	42564	2237910	2189067	48843	160	2.666666667	68.37606838	24	No
277	550	14	38	62	664	22291	3	22288	19695	0	19695	21130	3	21127	2884	41770	1	41769	34919	0	34919	38628	1	38627	112	1.866666667	40.433213	16	No
667	750	30	38	177	995	843955	747821	96134	17269	1	17268	23108	1	23107	3704	4196712	3706595	490117	62322	0	62322	95319	0	95319	298	4.966666667	44.67766117	80	No
283	915	26	38	148	1127	28280	2	28278	20336	1	20335	24357	2	24355	4372	69213	1	69212	49082	0	49082	58917	1	58916	146	2.433333333	51.59010601	28	No
148	549	16	38	70	673	16751	0	16751	12923	0	12923	14781	0	14781	3589	20996	0	20996	15838	0	15838	18427	0	18427	75	1.25	50.67567568	33	No
162	562	14	38	58	672	24419	0	24419	17290	0	17290	20238	0	20238	1933	33716	0	33716	22418	0	22418	27115	0	27115	82	1.366666667	50.61728395	14	No
186	556	4	37	74	671	17541	0	17541	14662	0	14662	16836	0	16836	3079	27233	0	27233	22338	0	22338	25967	0	25967	93	1.55	50	36	No
184	577	12	37	80	706	16629	1	16628	13279	1	13278	15324	1	15323	2347	26066	3	26063	19982	3	19979	23611	3	23608	94	1.566666667	51.08695652	28	No
188	629	16	37	136	818	32957	0	32957	20168	0	20168	25544	0	25544	4758	56173	0	56173	30537	0	30537	40366	0	40366	102	1.7	54.25531915	43	No
146	819	10	37	530	1396	22231	0	22231	15175	0	15175	17611	0	17611	2283	31352	0	31352	20503	0	20503	24282	0	24282	84	1.4	57.53424658	50	No
417	615	13	37	97	762	14280	0	14280	7460	0	7460	9533	0	9533	1695	49346	0	49346	20864	0	20864	28722	0	28722	207	3.45	49.64028777	50	No
26519	949	38	37	138	1162	53058	0	53058	19907	0	19907	24668	0	24668	1250	4604987	0	4604987	802539	0	802539	1080693	0	1080693	5207	86.78333333	19.63497869	60	No
410	437	12	36	67	552	16598	0	16598	12215	0	12215	15705	0	15705	2881	47626	0	47626	32303	0	32303	44791	0	44791	172	2.866666667	41.95121951	45	No
1258	288	88	36	77	489	21969	0	21969	18488	0	18488	20967	0	20967	261	42985	0	42985	32158	0	32158	40405	0	40405	117	1.95	9.300476948	39	No
146	573	19	36	181	809	24937	3	24934	16732	3	16729	20857	3	20854	2240	29566	0	29566	19126	0	19126	24657	0	24657	71	1.183333333	48.63013699	34	No
1431	484	12	36	111	643	23464	0	23464	19670	0	19670	21098	0	21098	1346	124767	0	124767	98154	0	98154	105272	0	105272	319	5.316666667	22.29210342	25	No
227	553	13	36	183	785	24223	0	24223	13122	0	13122	17093	0	17093	4000	52712	0	52712	23378	0	23378	33050	0	33050	130	2.166666667	57.26872247	31	No
278	689	14	36	291	1030	32261	0	32261	22886	0	22886	27463	0	27463	4415	80959	0	80959	54726	0	54726	68041	0	68041	150	2.5	53.95683453	55	No
14754	1222	71	36	75	1404	22527	0	22527	17564	0	17564	18930	0	18930	1315	304361	0	304361	124033	0	124033	151759	0	151759	810	13.5	5.4900366	34	No
380	754	15	36	258	1063	32181	0	32181	22913	0	22913	27701	0	27701	3545	108847	0	108847	73246	0	73246	90945	0	90945	202	3.366666667	53.15789474	36	No
15821	2579	65	36	926	3606	128518	11	128507	99832	0	99832	108144	0	108144	4460	2582203	88	2582115	1910252	0	1910252	2124583	0	2124583	1205	20.08333333	7.616459137	687	Yes
124	443	31	36	15	525	18100	0	18100	16290	0	16290	16995	0	16995	1612	19158	0	19158	17382	0	17382	18206	0	18206	63	1.05	50.80645161	13	No
5373	1298	60	36	461	1855	56220	0	56220	20076	0	20076	29406	0	29406	2274	946799	0	946799	290580	0	290580	462345	0	462345	1010	16.83333333	18.79769216	193	Yes
149	582	23	35	113	753	19875	6	19869	16411	6	16405	19034	6	19028	3085	26979	11	26968	21973	11	21962	25975	11	25964	81	1.35	54.36241611	38	No
271	895	26	35	179	1135	27898	1	27897	21958	0	21958	25205	0	25205	5862	81460	3	81457	64637	0	64637	73633	0	73633	175	2.916666667	64.57564576	25	No
634	749	25	35	262	1071	96464	0	96464	32404	0	32404	45569	0	45569	11536	582356	0	582356	185656	0	185656	260856	0	260856	362	6.033333333	57.0977918	141	No
639	406	18	35	195	654	14663	0	14663	8058	0	8058	10046	0	10046	1092	49043	0	49043	22020	0	22020	30615	0	30615	200	3.333333333	31.29890454	41	No
230	318	12	35	51	416	17111	0	17111	9971	0	9971	11988	0	11988	3496	35124	0	35124	15192	0	15192	19951	0	19951	123	2.05	53.47826087	15	No
342	316	19	35	82	452	18791	0	18791	12207	0	12207	15202	0	15202	1963	48881	0	48881	28180	0	28180	37879	0	37879	156	2.6	45.61403509	19	No
167	653	11	35	121	820	23299	0	23299	16657	0	16657	18353	0	18353	2289	39056	0	39056	27105	0	27105	30253	0	30253	100	1.666666667	59.88023952	28	No
140	687	28	34	62	811	27130	0	27130	23111	0	23111	27130	0	27130	5568	31824	0	31824	26612	0	26612	31824	0	31824	70	1.166666667	50	36	No
161	360	16	34	81	491	10364	3	10361	9444	0	9444	10164	3	10161	809	12902	0	12902	11816	0	11816	12705	0	12705	74	1.233333333	45.96273292	22	No
244	537	30	34	103	704	24172	1	24171	20169	1	20168	22738	1	22737	5374	55899	0	55899	46946	0	46946	52879	0	52879	138	2.3	56.55737705	24	No
265	561	19	34	121	735	24377	3	24374	16419	3	16416	19832	3	19829	2037	53118	0	53118	34576	0	34576	42683	0	42683	130	2.166666667	49.05660377	48	No
206	1293	21	34	394	1742	54011	0	54011	36566	0	36566	45351	0	45351	5436	122494	0	122494	85224	0	85224	103984	0	103984	136	2.266666667	66.01941748	183	Yes
280	336	14	34	208	592	25583	0	25583	15975	0	15975	21104	0	21104	3804	66594	0	66594	40722	0	40722	54858	0	54858	156	2.6	55.71428571	54	No
247	783	23	34	87	927	22557	0	22557	22557	0	22557	22557	0	22557	2161	44456	0	44456	44456	0	44456	44456	0	44456	118	1.966666667	47.77327935	21	No
152	499	15	33	197	744	17705	13	17692	14276	0	14276	16942	13	16929	3765	23452	21	23431	18370	0	18370	22545	21	22524	79	1.316666667	51.97368421	63	No
5169	501	34	33	28	596	19576	2	19574	18124	2	18122	18825	2	18823	0	83369	0	83369	67354	0	67354	75598	0	75598	255	4.25	4.933255949	48	No
3125	485	19	33	184	721	44810	0	44810	16500	0	16500	20777	0	20777	2640	500426	0	500426	79538	0	79538	123511	0	123511	670	11.16666667	21.44	94	No
458	547	43	33	100	723	23368	1	23367	13397	0	13397	15186	0	15186	837	59286	7	59279	36110	0	36110	41786	0	41786	152	2.533333333	33.18777293	58	No
238	426	16	33	73	548	31615	0	31615	17021	0	17021	19232	0	19232	2467	67413	0	67413	33778	0	33778	38847	0	38847	127	2.116666667	53.36134454	33	No
157	484	6	33	63	586	13018	0	13018	9560	0	9560	10561	0	10561	1995	18539	0	18539	12080	0	12080	13945	0	13945	85	1.416666667	54.14012739	19	No
359	1011	24	33	179	1247	35584	0	35584	22319	0	22319	25614	0	25614	3282	104676	0	104676	62400	0	62400	72744	0	72744	176	2.933333333	49.02506964	64	No
164	706	13	32	107	858	30894	1	30893	24528	1	24527	29810	1	29809	5572	43690	0	43690	32867	0	32867	41743	0	41743	84	1.4	51.2195122	36	No
117	1010	23	32	224	1289	31699	0	31699	24225	0	24225	27521	0	27521	6728	39584	0	39584	30757	0	30757	34785	0	34785	74	1.233333333	63.24786325	79	No
726	486	29	32	11	558	20756	0	20756	17607	0	17607	19475	0	19475	1193	51600	0	51600	38821	0	38821	46669	0	46669	149	2.483333333	20.52341598	39	No
199	779	21	32	294	1126	52740	1	52739	25010	0	25010	39629	0	39629	7757	107488	0	107488	46265	0	46265	77544	0	77544	122	2.033333333	61.30653266	64	No
363	479	47	32	205	763	22643	0	22643	17462	0	17462	19594	0	19594	1715	49549	0	49549	37735	0	37735	42613	0	42613	131	2.183333333	36.08815427	34	No
783	616	12	32	157	817	88006	1	88005	40655	0	40655	47658	0	47658	9627	672213	0	672213	324907	0	324907	376753	0	376753	458	7.633333333	58.49297573	105	No
228	552	22	32	45	651	20359	0	20359	14411	0	14411	16583	0	16583	2014	45916	0	45916	31551	0	31551	36505	0	36505	135	2.25	59.21052632	17	No
109	393	133	32	40	598	25912	0	25912	23444	0	23444	24532	0	24532	1579	21829	0	21829	19853	0	19853	20720	0	20720	50	0.833333333	45.87155963	18	No
204	403	11	32	69	515	13463	0	13463	10659	0	10659	11830	0	11830	1531	24078	0	24078	18062	0	18062	20280	0	20280	107	1.783333333	52.45098039	9	No
397	544	14	31	76	665	19422	5	19417	14120	5	14115	18411	5	18406	4066	53129	2	53127	34430	2	34428	49553	2	49551	164	2.733333333	41.30982368	37	No
327	519	15	31	99	664	16245	2	16243	10437	0	10437	12615	2	12613	1143	32961	3	32958	18400	0	18400	23363	3	23360	121	2.016666667	37.0030581	49	No
401	891	17	31	86	1025	52570	1	52569	35008	0	35008	44009	1	44008	3799	127137	0	127137	86487	0	86487	108739	0	108739	145	2.416666667	36.159601	75	No
282	385	12	31	35	463	10386	0	10386	7821	0	7821	8826	0	8826	1340	23393	0	23393	16308	0	16308	18793	0	18793	135	2.25	47.87234043	9	No
483	626	19	31	119	795	56106	85	56021	19539	0	19539	22692	9	22683	4112	232514	423	232091	69850	0	69850	82811	62	82749	248	4.133333333	51.34575569	70	No
224	547	15	31	176	769	25371	0	25371	17602	0	17602	19432	0	19432	2711	52567	0	52567	35588	0	35588	39797	0	39797	124	2.066666667	55.35714286	33	No
151	522	11	30	76	639	18669	0	18669	14974	0	14974	18669	0	18669	3238	23884	0	23884	18196	0	18196	23884	0	23884	76	1.266666667	50.33112583	17	No
684	468	23	30	50	571	19645	1	19644	15389	1	15388	18052	1	18051	1316	65173	0	65173	45909	0	45909	57426	0	57426	199	3.316666667	29.09356725	34	No
358	506	30	30	27	593	16590	0	16590	12911	0	12911	14093	0	14093	821	30085	0	30085	22124	0	22124	24871	0	24871	108	1.8	30.16759777	16	No
168	565	31	30	141	767	29299	0	29299	24795	0	24795	27132	0	27132	4188	51438	0	51438	43561	0	43561	47840	0	47840	105	1.75	62.5	14	No
45	339	85	30	38	492	17681	0	17681	15082	0	15082	16760	0	16760	1	7819	0	7819	6699	0	6699	7460	0	7460	26	0.433333333	57.77777778	11	No
4156	741	31	30	330	1132	50072	0	50072	27313	0	27313	35074	0	35074	2161	548342	0	548342	233468	0	233468	328099	0	328099	657	10.95	15.80846968	164	Yes
111	654	11	30	116	811	19799	0	19799	17139	0	17139	19011	0	19011	2510	21029	0	21029	18160	0	18160	20217	0	20217	63	1.05	56.75675676	24	No
261	338	13	29	30	410	14170	1	14169	12080	1	12079	13823	1	13822	1942	23736	1	23735	19487	1	19486	22986	1	22985	100	1.666666667	38.31417625	22	No
188	586	29	29	58	702	11075	0	11075	8096	0	8096	9503	0	9503	738	18067	0	18067	13377	0	13377	15703	0	15703	97	1.616666667	51.59574468	10	No
543	442	17	29	114	602	12003	0	12003	8657	0	8657	9673	0	9673	1198	40674	0	40674	24979	0	24979	29336	0	29336	203	3.383333333	37.38489871	13	No
109	839	18	29	228	1114	32768	0	32768	26883	0	26883	29525	0	29525	3580	39641	0	39641	32878	0	32878	36019	0	36019	72	1.2	66.05504587	33	No
110	416	9	29	88	542	14377	0	14377	12528	0	12528	13222	0	13222	1454	13142	0	13142	11309	0	11309	12025	0	12025	54	0.9	49.09090909	7	No
399	869	14	29	160	1072	28381	0	28381	12611	0	12611	16898	0	16898	2097	94806	0	94806	36618	0	36618	52529	0	52529	200	3.333333333	50.12531328	161	Yes
6127	727	24	29	369	1149	56577	0	56577	34382	0	34382	40095	0	40095	2225	785810	0	785810	445080	0	445080	521790	0	521790	833	13.88333333	13.59556063	92	No
255	857	23	29	450	1359	56938	0	56938	20250	0	20250	26006	0	26006	2679	149847	0	149847	47740	0	47740	63569	0	63569	157	2.616666667	61.56862745	65	No
242	491	5	29	29	554	14510	0	14510	13459	0	13459	14017	0	14017	1024	28044	0	28044	25919	0	25919	27012	0	27012	115	1.916666667	47.52066116	20	No
171	597	6	29	178	810	27502	0	27502	15685	0	15685	17426	0	17426	4575	46508	0	46508	21116	0	21116	24227	0	24227	101	1.683333333	59.06432749	18	No
147	602	9	28	95	734	17518	1	17517	14035	1	14034	16122	1	16121	2011	22052	0	22052	17388	0	17388	20073	0	20073	75	1.25	51.02040816	25	No
239	382	12	28	64	486	11792	1	11791	9491	1	9490	10786	1	10785	2350	24427	0	24427	18872	0	18872	22142	0	22142	124	2.066666667	51.88284519	16	No
165	212	31	28	9	280	10646	0	10646	8289	0	8289	9285	0	9285	814	12600	0	12600	9189	0	9189	10672	0	10672	71	1.183333333	43.03030303	14	No
293	378	21	28	19	446	14499	0	14499	11990	0	11990	13073	0	13073	798	21288	0	21288	16847	0	16847	18832	0	18832	88	1.466666667	30.03412969	10	No
137	457	70	28	76	631	20192	3	20189	11215	0	11215	13539	0	13539	774	19575	1	19574	11351	0	11351	13621	0	13621	58	0.966666667	42.33576642	28	No
258	594	15	28	113	750	24384	0	24384	16553	0	16553	18971	0	18971	2573	62458	0	62458	39282	0	39282	45945	0	45945	153	2.55	59.30232558	18	No
238	608	19	28	99	754	24410	306	24104	16021	27	15994	18907	119	18788	2389	48725	899	47826	30026	65	29961	36580	348	36232	119	1.983333333	50	37	No
111	1433	24	28	281	1766	66818	0	66818	37365	0	37365	56992	0	56992	5033	84846	0	84846	47345	0	47345	72887	0	72887	76	1.266666667	68.46846847	64	No
194	484	12	28	91	615	22504	0	22504	13511	0	13511	14345	0	14345	4414	42507	0	42507	19580	0	19580	21033	0	21033	113	1.883333333	58.24742268	14	No
589	387	16	27	31	461	9588	0	9588	7822	0	7822	8720	0	8720	621	27402	0	27402	20838	0	20838	24343	0	24343	171	2.85	29.03225806	25	No
5420	1057	72	27	469	1625	57880	0	57880	37315	0	37315	50412	0	50412	2171	576138	0	576138	309502	0	309502	451027	0	451027	597	9.95	11.01476015	156	No
320	478	15	27	44	564	12169	0	12169	8941	0	8941	10091	0	10091	927	23856	0	23856	15556	0	15556	18370	0	18370	117	1.95	36.5625	35	No
455	393	43	27	48	511	12251	0	12251	10449	0	10449	11430	0	11430	467	17772	0	17772	15269	0	15269	16677	0	16677	87	1.45	19.12087912	19	No
239	314	27	27	26	394	10753	0	10753	9689	0	9689	10135	0	10135	573	11097	0	11097	9754	0	9754	10309	0	10309	61	1.016666667	25.52301255	6	No
100	554	16	26	169	765	21142	0	21142	18368	0	18368	20310	0	20310	2916	22104	0	22104	19342	0	19342	21334	0	21334	62	1.033333333	62	27	No
444	729	29	26	160	944	29369	0	29369	14278	0	14278	25061	0	25061	4735	103964	0	103964	48513	0	48513	88392	0	88392	212	3.533333333	47.74774775	116	No
961	379	18	26	35	458	17574	0	17574	14088	0	14088	16235	0	16235	1567	53699	0	53699	33149	0	33149	46325	0	46325	183	3.05	19.04266389	19	No
690	306	23	26	24	379	13040	3	13037	8327	3	8324	10543	3	10540	346	46955	15	46940	25397	15	25382	33918	15	33903	216	3.6	31.30434783	24	No
5025	749	33	26	374	1182	46054	2	46052	32979	0	32979	38238	2	38236	2193	482806	0	482806	300765	0	300765	363892	0	363892	629	10.48333333	12.51741294	130	No
242	570	10	26	188	794	21409	1	21408	11973	1	11972	15134	1	15133	3685	52572	0	52572	29296	0	29296	37398	0	37398	147	2.45	60.74380165	35	No
8306	886	39	26	432	1383	64186	0	64186	45381	0	45381	54963	0	54963	5731	1441554	0	1441554	939248	0	939248	1233134	0	1233134	1347	22.45	16.21719239	140	No
845	531	32	26	137	726	38070	21143	16927	8850	0	8850	11528	4	11524	483	100515	30650	69865	29302	0	29302	46900	4	46896	158	2.633333333	18.69822485	175	Yes
706	506	25	26	72	629	48697	0	48697	12041	0	12041	23177	0	23177	5274	292640	0	292640	50439	0	50439	118203	0	118203	360	6	50.99150142	42	No
223	448	15	26	100	589	18089	0	18089	12344	0	12344	14072	0	14072	1667	40727	0	40727	27008	0	27008	30967	0	30967	135	2.25	60.53811659	12	No
94	649	21	26	79	775	24150	0	24150	17875	0	17875	19237	0	19237	829	22120	0	22120	16338	0	16338	17554	0	17554	54	0.9	57.44680851	29	No
294	393	20	26	90	529	21705	0	21705	14654	0	14654	17493	0	17493	2309	54027	0	54027	35009	0	35009	43096	0	43096	149	2.483333333	50.68027211	40	No
204	487	12	26	80	605	21867	0	21867	13418	0	13418	15759	0	15759	2300	41545	0	41545	22685	0	22685	27734	0	27734	114	1.9	55.88235294	24	No
170	395	37	26	32	490	17340	1009	16331	13177	0	13177	14574	64	14510	1310	24250	1921	22329	17791	0	17791	20049	120	19929	83	1.383333333	48.82352941	7	No
333	554	18	26	64	662	27001	0	27001	21959	0	21959	23579	0	23579	2351	69391	0	69391	55891	0	55891	60087	0	60087	154	2.566666667	46.24624625	27	No
267	486	16	25	56	583	15472	0	15472	10619	0	10619	13026	0	13026	1404	27049	0	27049	17190	0	17190	21938	0	21938	104	1.733333333	38.95131086	35	No
183	391	20	25	48	484	20860	1	20859	7807	0	7807	10230	1	10229	1181	43193	0	43193	12742	0	12742	18334	0	18334	124	2.066666667	67.75956284	26	No
264	584	23	25	44	676	22795	0	22795	18729	0	18729	20579	0	20579	2405	43065	0	43065	32914	0	32914	37595	0	37595	113	1.883333333	42.8030303	27	No
168	334	48	25	29	436	13877	0	13877	10128	0	10128	10933	0	10933	1104	19428	0	19428	12993	0	12993	14286	0	14286	84	1.4	50	15	No
200	374	7	25	127	533	28863	0	28863	15006	0	15006	18929	0	18929	4835	62422	0	62422	29256	0	29256	38486	0	38486	129	2.15	64.5	15	No
631	439	5	25	97	566	18232	0	18232	10076	0	10076	12447	0	12447	2244	84249	0	84249	37369	0	37369	50000	0	50000	277	4.616666667	43.89857369	32	No
127	391	26	25	112	554	27492	0	27492	23085	0	23085	25952	0	25952	2639	35446	0	35446	29892	0	29892	33618	0	33618	77	1.283333333	60.62992126	29	No
1313	127	7	25	29	188	10201	0	10201	6802	0	6802	7799	0	7799	755	86271	0	86271	55644	0	55644	65278	0	65278	507	8.45	38.61386139	8	No
276	300	13	24	41	378	11517	0	11517	9597	0	9597	10812	0	10812	1825	22928	0	22928	18433	0	18433	21307	0	21307	119	1.983333333	43.11594203	21	No
4809	414	18	24	73	529	16415	0	16415	13707	0	13707	15256	0	15256	251	59015	0	59015	45296	0	45296	53649	0	53649	215	3.583333333	4.470783947	20	No
191	315	40	24	50	429	17322	4	17318	14545	4	14541	16256	4	16252	559	20323	3	20320	17326	3	17323	19407	3	19404	70	1.166666667	36.64921466	22	No
155	220	9	24	16	269	10680	0	10680	7115	0	7115	8056	0	8056	971	11604	0	11604	7467	0	7467	8444	0	8444	65	1.083333333	41.93548387	5	No
311	621	24	24	197	866	38934	0	38934	27786	0	27786	31999	0	31999	1781	73206	0	73206	52694	0	52694	61273	0	61273	112	1.866666667	36.01286174	32	No
172	638	24	23	160	845	20375	0	20375	15772	0	15772	18163	0	18163	2838	32105	0	32105	23344	0	23344	27597	0	27597	94	1.566666667	54.65116279	36	No
194	443	12	23	65	543	15151	0	15151	11326	0	11326	13276	0	13276	2449	24765	0	24765	17025	0	17025	20597	0	20597	98	1.633333333	50.51546392	24	No
170	396	22	23	27	468	9805	0	9805	7023	0	7023	8533	0	8533	720	13689	0	13689	9605	0	9605	11850	0	11850	83	1.383333333	48.82352941	5	No
180	589	8	23	139	759	26509	0	26509	16797	0	16797	20330	0	20330	3810	43781	0	43781	24893	0	24893	31037	0	31037	99	1.65	55	26	No
145	257	13	23	28	321	11612	0	11612	8826	0	8826	9674	0	9674	1241	12599	0	12599	9065	0	9065	10061	0	10061	65	1.083333333	44.82758621	8	No
435	615	17	23	111	766	20921	0	20921	12535	0	12535	15184	0	15184	1945	72555	0	72555	36242	0	36242	47045	0	47045	208	3.466666667	47.81609195	59	No
303	946	27	23	79	1075	34699	1	34698	25804	0	25804	29483	0	29483	2610	71343	0	71343	49812	0	49812	59421	0	59421	123	2.05	40.59405941	44	No
109	327	55	23	19	424	14795	0	14795	10433	0	10433	11712	0	11712	856	13376	0	13376	9582	0	9582	10836	0	10836	54	0.9	49.5412844	27	No
223	689	10	23	66	788	32114	0	32114	19592	0	19592	24942	0	24942	3322	65909	0	65909	37702	0	37702	49348	0	49348	123	2.05	55.15695067	38	No
111	549	21	23	70	663	32647	2	32645	15053	1	15052	19464	1	19463	2500	39336	1	39335	17532	0	17532	22853	0	22853	72	1.2	64.86486486	40	No
81	814	37	23	409	1283	32360	0	32360	20540	0	20540	22182	0	22182	2	26068	0	26068	16453	0	16453	17846	0	17846	48	0.8	59.25925926	57	No
5033	746	26	22	228	1022	37751	0	37751	25143	0	25143	29562	0	29562	1168	337098	0	337098	184419	0	184419	230348	0	230348	535	8.916666667	10.62984304	133	No
202	507	6	22	87	622	17452	0	17452	12283	0	12283	13853	0	13853	1618	34402	0	34402	24845	0	24845	27650	0	27650	118	1.966666667	58.41584158	24	No
188	333	12	22	53	420	17579	0	17579	9444	0	9444	11546	0	11546	3432	31473	0	31473	13080	0	13080	17500	0	17500	107	1.783333333	56.91489362	14	No
5515	502	32	22	151	707	25225	0	25225	10856	0	10856	13390	0	13390	1069	421455	0	421455	158687	0	158687	199441	0	199441	1002	16.7	18.16863101	90	No
114	575	12	22	205	814	33581	0	33581	21699	0	21699	29306	0	29306	1973	34029	0	34029	22701	0	22701	29963	0	29963	60	1	52.63157895	40	No
107	225	7	22	14	268	8277	0	8277	6610	0	6610	7327	0	7327	1060	6224	0	6224	4606	0	4606	5502	0	5502	45	0.75	42.05607477	11	No
203	377	25	22	28	452	18832	0	18832	12587	0	12587	13868	0	13868	1349	27180	0	27180	16665	0	16665	19241	0	19241	86	1.433333333	42.36453202	11	No
134	383	6	22	46	457	15387	1	15386	11305	0	11305	12975	1	12974	1593	17520	0	17520	12758	0	12758	14779	0	14779	68	1.133333333	50.74626866	16	No
308	421	8	21	64	514	12034	0	12034	9640	0	9640	11111	0	11111	2150	31085	0	31085	24239	0	24239	28492	0	28492	155	2.583333333	50.32467532	10	No
209	537	12	21	106	676	27942	0	27942	17149	0	17149	19758	0	19758	1882	54883	0	54883	33245	0	33245	38460	0	38460	117	1.95	55.98086124	32	No
270	252	7	21	46	326	12210	0	12210	8447	0	8447	9639	0	9639	1509	27165	0	27165	16339	0	16339	19829	0	19829	133	2.216666667	49.25925926	8	No
335	422	9	21	59	511	15413	0	15413	9659	0	9659	11315	0	11315	1991	42529	0	42529	23422	0	23422	28841	0	28841	165	2.75	49.25373134	21	No
10297	930	47	21	318	1316	94052	0	94052	59449	0	59449	64307	0	64307	10640	3235676	0	3235676	1207159	0	1207159	1319517	0	1319517	2064	34.4	20.04467321	293	Yes
207	400	14	21	100	535	22627	0	22627	18243	0	18243	20821	0	20821	2743	46058	0	46058	36222	0	36222	42146	0	42146	122	2.033333333	58.93719807	16	No
110	400	9	21	70	500	19888	0	19888	15208	0	15208	18051	0	18051	2036	18370	0	18370	13580	0	13580	16734	0	16734	55	0.916666667	50	17	No
1042	178	24	20	172	394	11456	0	11456	5124	0	5124	10597	0	10597	865	56842	0	56842	23250	0	23250	53355	0	53355	297	4.95	28.50287908	109	No
124	351	40	20	23	434	14125	0	14125	9608	0	9608	11090	0	11090	660	14260	0	14260	9727	0	9727	11256	0	11256	60	1	48.38709677	25	No
573	488	5	20	50	563	13568	0	13568	11371	0	11371	12362	0	12362	1195	42573	0	42573	32933	0	32933	37595	0	37595	188	3.133333333	32.80977312	11	No
289	230	2	20	45	297	11421	0	11421	6645	0	6645	7864	0	7864	1109	31088	0	31088	15184	0	15184	19373	0	19373	163	2.716666667	56.40138408	5	No
114	528	14	20	60	622	25970	0	25970	17510	0	17510	20039	0	20039	2351	33497	0	33497	22562	0	22562	25863	0	25863	77	1.283333333	67.54385965	31	No
160	253	12	20	21	306	9205	0	9205	8074	0	8074	8377	0	8377	0	7479	0	7479	6541	0	6541	6875	0	6875	48	0.8	30	12	No
5818	1499	68	20	363	1950	69319	0	69319	55152	0	55152	59884	0	59884	0	544954	0	544954	351385	0	351385	395200	0	395200	471	7.85	8.095565486	179	Yes
108	657	12	20	83	772	24452	0	24452	21037	0	21037	22554	0	22554	2273	28905	0	28905	24927	0	24927	26678	0	26678	70	1.166666667	64.81481481	19	No
753	325	15	19	60	419	16585	0	16585	13213	0	13213	16237	0	16237	1410	50757	0	50757	38928	0	38928	49396	0	49396	183	3.05	24.30278884	21	No
267	335	73	19	27	454	17867	0	17867	15475	0	15475	17166	0	17166	1278	23262	0	23262	19550	0	19550	22203	0	22203	78	1.3	29.21348315	12	No
209	670	18	19	94	801	18140	1	18139	15090	1	15089	16416	1	16415	2571	33051	3	33048	26754	3	26751	29233	3	29230	109	1.816666667	52.15311005	8	No
149	424	19	19	87	549	664267	551665	112602	10684	0	10684	12543	0	12543	3539	1211529	1007451	204078	12725	0	12725	15405	0	15405	109	1.816666667	73.15436242	18	No
250	466	37	19	47	569	18499	0	18499	15837	0	15837	17335	0	17335	2172	35031	0	35031	29957	0	29957	33064	0	33064	113	1.883333333	45.2	30	No
679	262	12	19	35	328	10771	0	10771	6251	0	6251	8150	0	8150	1808	43730	0	43730	17665	0	17665	28632	0	28632	243	4.05	35.78792342	28	No
391	351	38	19	18	426	14459	0	14459	11813	0	11813	13100	0	13100	588	21601	0	21601	17132	0	17132	19307	0	19307	89	1.483333333	22.76214834	23	No
192	481	11	19	31	542	22486	0	22486	15598	0	15598	17204	0	17204	1181	45520	0	45520	31478	0	31478	34763	0	34763	121	2.016666667	63.02083333	30	No
61	469	18	19	1203	1709	130125	0	130125	20041	0	20041	48871	0	48871	10	146666	0	146666	17279	0	17279	43111	0	43111	67	1.116666667	109.8360656	83	No
178	434	8	19	50	511	22072	0	22072	11726	0	11726	14407	0	14407	4383	40352	0	40352	17549	0	17549	22504	0	22504	109	1.816666667	61.23595506	18	No
97	298	33	18	19	368	11991	0	11991	7749	0	7749	9514	0	9514	444	9067	0	9067	5790	0	5790	7244	0	7244	45	0.75	46.39175258	20	No
429	496	16	18	51	581	25919	0	25919	19486	0	19486	21840	0	21840	2680	94802	0	94802	68970	0	68970	78214	0	78214	219	3.65	51.04895105	32	No
7721	692	29	18	764	1503	24377	0	24377	21766	0	21766	23174	0	23174	985	431937	0	431937	402901	0	402901	419820	0	419820	1063	17.71666667	13.76764668	449	Yes
262	421	13	18	63	515	12707	0	12707	9600	0	9600	10622	0	10622	1671	25547	0	25547	16751	0	16751	19253	0	19253	120	2	45.80152672	14	No
123	322	12	18	35	387	13521	0	13521	9867	0	9867	10792	0	10792	1581	16846	0	16846	11646	0	11646	12904	0	12904	74	1.233333333	60.16260163	8	No
939	157	14	18	18	207	12211	0	12211	10081	0	10081	10767	0	10767	1145	44151	0	44151	30022	0	30022	34152	0	34152	216	3.6	23.00319489	8	No
5240	496	11	18	314	839	36869	0	36869	18224	0	18224	25752	0	25752	2206	564594	0	564594	194910	0	194910	299281	0	299281	918	15.3	17.51908397	98	No
211	307	14	18	43	382	17045	0	17045	8036	0	8036	9520	0	9520	918	28813	0	28813	10694	0	10694	13720	0	13720	101	1.683333333	47.86729858	23	No
241	439	12	17	120	588	22379	0	22379	17889	0	17889	20910	0	20910	4453	49931	0	49931	40591	0	40591	46974	0	46974	133	2.216666667	55.18672199	21	No
444	170	24	17	12	223	7028	0	7028	5400	0	5400	5915	0	5915	231	10197	0	10197	7372	0	7372	8278	0	8278	87	1.45	19.59459459	17	No
414	310	31	17	8	366	7781	0	7781	5623	0	5623	6340	0	6340	395	15851	0	15851	10947	0	10947	12945	0	12945	122	2.033333333	29.46859903	8	No
496	267	30	17	23	337	13394	0	13394	9952	0	9952	10984	0	10984	592	28985	0	28985	20615	0	20615	23582	0	23582	129	2.15	26.00806452	18	No
111	221	46	17	21	305	10761	0	10761	7086	0	7086	8123	0	8123	539	10755	0	10755	7295	0	7295	8332	0	8332	60	1	54.05405405	15	No
143	666	13	17	161	857	25622	0	25622	19751	0	19751	21784	0	21784	2905	41446	0	41446	31893	0	31893	35215	0	35215	97	1.616666667	67.83216783	22	No
116	343	8	17	61	429	15029	0	15029	13106	0	13106	14339	0	14339	1433	15679	0	15679	13319	0	13319	14881	0	14881	62	1.033333333	53.44827586	17	No
265	293	10	17	72	392	25474	0	25474	13441	0	13441	14869	0	14869	4151	67798	0	67798	32003	0	32003	35741	0	35741	159	2.65	60	20	No
153	373	12	17	60	462	21176	0	21176	12505	0	12505	15526	0	15526	2698	30752	0	30752	16174	0	16174	21155	0	21155	87	1.45	56.8627451	28	No
703	297	20	16	14	347	10295	2	10293	6431	0	6431	7921	2	7919	1445	43382	0	43382	21515	0	21515	28962	0	28962	252	4.2	35.84637269	25	No
536	101	5	16	9	131	1321	0	1321	1321	0	1321	1321	0	1321	54	3686	0	3686	3686	0	3686	3686	0	3686	167	2.783333333	31.15671642	2	No
180	565	11	16	80	672	13567	0	13567	11527	0	11527	12629	0	12629	1364	22118	0	22118	18549	0	18549	20639	0	20639	97	1.616666667	53.88888889	14	No
3486	809	53	16	347	1225	39845	0	39845	28160	0	28160	32899	0	32899	1381	283860	0	283860	170248	0	170248	218924	0	218924	427	7.116666667	12.24899598	128	No
487	380	56	16	24	476	16938	0	16938	13553	0	13553	15043	0	15043	505	27405	0	27405	21060	0	21060	24019	0	24019	97	1.616666667	19.91786448	25	No
3482	1172	62	16	454	1704	52367	0	52367	43703	0	43703	47594	0	47594	1557	244290	0	244290	194433	0	194433	219772	0	219772	279	4.65	8.012636416	179	Yes
23097	1130	52	16	421	1619	52738	0	52738	46312	0	46312	48712	0	48712	995	398625	0	398625	343316	0	343316	368221	0	368221	453	7.55	1.961293675	134	No
91	574	15	16	98	703	22169	0	22169	15644	0	15644	17076	0	17076	1497	21579	0	21579	14979	0	14979	16442	0	16442	58	0.966666667	63.73626374	19	No
111	374	14	16	70	474	17209	0	17209	15165	0	15165	16599	0	16599	1420	17097	0	17097	15005	0	15005	16539	0	16539	59	0.983333333	53.15315315	23	No
124	471	19	16	149	655	19127	0	19127	13396	0	13396	15106	0	15106	3795	20073	0	20073	13228	0	13228	15122	0	15122	62	1.033333333	50	29	No
141	293	4	16	32	345	11610	0	11610	9202	0	9202	10702	0	10702	1428	14730	0	14730	11256	0	11256	13447	0	13447	76	1.266666667	53.90070922	4	No
109	244	31	15	43	333	15963	0	15963	14481	0	14481	15963	0	15963	2845	19036	0	19036	17177	0	17177	19036	0	19036	71	1.183333333	65.13761468	14	No
179	264	10	15	49	338	13225	0	13225	10765	0	10765	11686	0	11686	1435	23272	0	23272	19165	0	19165	20784	0	20784	105	1.75	58.65921788	13	No
242	386	7	15	49	457	11269	0	11269	7330	0	7330	8415	0	8415	1595	23839	0	23839	13238	0	13238	16018	0	16018	126	2.1	52.0661157	15	No
114	530	13	15	202	760	25240	0	25240	20193	0	20193	23463	0	23463	859	29079	0	29079	23120	0	23120	27095	0	27095	69	1.15	60.52631579	22	No
123	661	14	15	114	804	25294	0	25294	16319	0	16319	19949	0	19949	2293	29721	0	29721	18033	0	18033	23117	0	23117	70	1.166666667	56.91056911	23	No
7050	933	45	14	169	1161	36077	0	36077	29214	0	29214	32743	0	32743	1984	396011	0	396011	240189	0	240189	345015	0	345015	658	10.96666667	9.333333333	83	No
220	367	7	14	51	439	14472	0	14472	9487	0	9487	11408	0	11408	1669	28616	0	28616	16860	0	16860	20993	0	20993	118	1.966666667	53.63636364	10	No
159	390	9	14	43	456	14406	0	14406	11109	0	11109	12020	0	12020	1426	20745	0	20745	15214	0	15214	16694	0	16694	86	1.433333333	54.08805031	9	No
293	263	10	14	65	352	11421	0	11421	6850	0	6850	7332	0	7332	424	18810	0	18810	11432	0	11432	12537	0	12537	98	1.633333333	33.44709898	13	No
136	329	13	14	114	470	17981	0	17981	11962	0	11962	12827	0	12827	1219	22289	0	22289	14462	0	14462	15646	0	15646	74	1.233333333	54.41176471	20	No
179	152	16	14	4	186	8053	0	8053	7369	0	7369	7732	0	7732	559	6816	0	6816	5958	0	5958	6445	0	6445	50	0.833333333	27.93296089	11	No
113	179	29	14	16	238	12490	0	12490	9224	0	9224	9861	0	9861	852	11077	0	11077	7840	0	7840	8438	0	8438	53	0.883333333	46.90265487	16	No
20083	721	37	14	51	823	28380	0	28380	11623	0	11623	13681	0	13681	0	2127676	0	2127676	297017	0	297017	403166	0	403166	4498	74.96666667	22.39705223	39	No
108	105	5	13	55	178	3015	0	3015	1780	0	1780	2405	0	2405	588	3923	0	3923	2314	0	2314	3106	0	3106	78	1.3	72.22222222	9	No
3112	676	27	13	120	836	26920	0	26920	25284	0	25284	26114	0	26114	1098	134234	0	134234	125947	0	125947	131489	0	131489	299	4.983333333	9.607969152	76	No
507	264	12	13	14	303	9565	0	9565	7923	0	7923	8468	0	8468	442	16749	0	16749	12438	0	12438	14171	0	14171	105	1.75	20.71005917	10	No
2417	724	42	13	123	902	27966	0	27966	25505	0	25505	26695	0	26695	1006	128673	0	128673	117199	0	117199	122871	0	122871	276	4.6	11.4191146	92	No
6427	693	34	13	135	875	31695	0	31695	27405	0	27405	28319	0	28319	0	399919	0	399919	222199	0	222199	233402	0	233402	757	12.61666667	11.77843473	74	No
5533	853	32	13	266	1164	45408	0	45408	39069	0	39069	40687	0	40687	3557	529097	0	529097	348938	0	348938	370345	0	370345	699	11.65	12.63329116	173	Yes
110	343	7	13	31	394	13519	0	13519	12058	0	12058	12871	0	12871	1439	13399	0	13399	11746	0	11746	12738	0	12738	59	0.983333333	53.63636364	11	No
109	272	6	13	73	364	10733	0	10733	8965	0	8965	9726	0	9726	1640	11842	0	11842	9744	0	9744	10657	0	10657	66	1.1	60.55045872	8	No
215	204	2	13	76	295	17578	0	17578	5761	0	5761	8006	0	8006	3409	42940	0	42940	11178	0	11178	16645	0	16645	146	2.433333333	67.90697674	13	No
126	295	6	13	138	452	17687	0	17687	14093	0	14093	16365	0	16365	1693	23172	0	23172	18376	0	18376	21424	0	21424	78	1.3	61.9047619	18	No
4878	790	36	12	112	950	35833	0	35833	26364	0	26364	29976	0	29976	955	139487	0	139487	70724	0	70724	89506	0	89506	233	3.883333333	4.776547765	99	No
357	368	8	12	67	455	15533	0	15533	8124	0	8124	9356	0	9356	1178	43926	0	43926	19662	0	19662	22587	0	22587	169	2.816666667	47.33893557	7	No
235	290	5	12	185	492	19214	0	19214	12396	0	12396	14756	0	14756	991	36953	0	36953	24279	0	24279	28886	0	28886	115	1.916666667	48.93617021	31	No
293	200	16	12	11	239	6477	0	6477	5523	0	5523	5853	0	5853	550	7290	0	7290	5237	0	5237	6017	0	6017	67	1.116666667	22.8668942	7	No
771	385	25	11	34	455	15085	0	15085	9001	0	9001	10973	0	10973	1546	63808	0	63808	29382	0	29382	41773	0	41773	253	4.216666667	32.81452659	29	No
3371	433	37	11	21	502	15131	0	15131	13220	0	13220	14137	0	14137	0	26338	0	26338	20579	0	20579	23260	0	23260	104	1.733333333	3.085137941	35	No
158	185	5	11	43	244	9505	0	9505	7753	0	7753	8421	0	8421	1076	13112	0	13112	10731	0	10731	11707	0	11707	82	1.366666667	51.89873418	6	No
326	334	12	11	135	492	14141	0	14141	8972	0	8972	10023	0	10023	1934	41575	0	41575	23985	0	23985	27783	0	27783	176	2.933333333	53.98773006	8	No
814	182	6	10	196	394	14715	0	14715	2769	0	2769	5848	0	5848	1332	60037	0	60037	13771	0	13771	26611	0	26611	244	4.066666667	29.97542998	62	No
3969	543	55	10	83	691	30863	0	30863	25228	0	25228	26807	0	26807	608	86983	0	86983	67661	0	67661	73942	0	73942	169	2.816666667	4.257999496	71	No
3011	433	32	10	80	555	9970	0	9970	7844	0	7844	8396	0	8396	391	68134	0	68134	51922	0	51922	54850	0	54850	410	6.833333333	13.61673863	25	No
148	401	9	10	112	532	22915	0	22915	19527	0	19527	21072	0	21072	2403	34338	0	34338	29377	0	29377	31741	0	31741	89	1.483333333	60.13513514	23	No
14027	906	57	10	604	1577	153836	0	153836	26863	0	26863	31429	0	31429	6845	11142405	0	11142405	364007	0	364007	469390	0	469390	4345	72.41666667	30.97597491	194	Yes
193	223	14	10	14	261	9302	0	9302	7916	0	7916	8431	0	8431	602	9103	0	9103	7784	0	7784	8345	0	8345	58	0.966666667	30.05181347	6	No
6509	664	39	9	105	817	31567	0	31567	31133	0	31133	31481	0	31481	0	94338	0	94338	93655	0	93655	94253	0	94253	179	2.983333333	2.750038408	60	No
431	73	13	9	11	106	4101	0	4101	3037	0	3037	3391	0	3391	307	8098	0	8098	5610	0	5610	6401	0	6401	118	1.966666667	27.37819026	5	No
164	239	4	9	24	276	13986	0	13986	11301	0	11301	12344	0	12344	1090	19331	0	19331	15469	0	15469	16950	0	16950	82	1.366666667	50	8	No
159	119	6	9	12	146	3792	0	3792	2621	0	2621	3001	0	3001	533	4891	0	4891	3233	0	3233	3781	0	3781	77	1.283333333	48.42767296	4	No
28870	806	32	9	46	893	31670	0	31670	12423	0	12423	14678	0	14678	572	2731213	0	2731213	318982	0	318982	425758	0	425758	5174	86.23333333	17.92171805	42	No
1047	112	13	9	8	142	7058	0	7058	6157	0	6157	6509	0	6509	702	32103	0	32103	23292	0	23292	26133	0	26133	272	4.533333333	25.97898758	7	No
5829	512	33	8	172	725	26137	0	26137	20132	0	20132	22558	0	22558	1208	275342	0	275342	164643	0	164643	203563	0	203563	632	10.53333333	10.84234002	58	No
269	174	2	8	57	241	74080	67806	6274	20616	19959	657	68927	67806	1121	4990	166076	152030	14046	46785	45294	1491	154483	152030	2453	134	2.233333333	49.81412639	99	No
5361	455	24	8	24	511	9097	0	9097	6807	0	6807	7784	0	7784	372	73127	0	73127	51246	0	51246	60844	0	60844	482	8.033333333	8.990859914	22	No
29703	750	47	8	54	859	27644	0	27644	10811	0	10811	12413	0	12413	389	1982490	0	1982490	252976	0	252976	328061	0	328061	4302	71.7	14.48338552	55	No
1051	78	13	8	6	105	9699	0	9699	6130	0	6130	8359	0	8359	0	34722	0	34722	18161	0	18161	26885	0	26885	214	3.566666667	20.36156042	7	No
73	193	9	8	13	223	9027	0	9027	6351	0	6351	7178	0	7178	1054	5994	0	5994	4034	0	4034	4659	0	4659	39	0.65	53.42465753	8	No
4071	161	4	7	79	251	21119	2	21117	9331	0	9331	13033	0	13033	2013	411327	0	411327	160110	0	160110	246630	0	246630	1168	19.46666667	28.69073938	35	No
104	107	4	7	22	140	4243	0	4243	3523	0	3523	3804	0	3804	421	3422	0	3422	2918	0	2918	3155	0	3155	48	0.8	46.15384615	7	No
2713	345	17	7	77	446	25191	0	25191	15320	0	15320	17005	0	17005	749	106141	0	106141	65906	0	65906	76246	0	76246	252	4.2	9.288610394	165	Yes
16227	1250	64	7	94	1415	44067	0	44067	12732	0	12732	15243	0	15243	1248	1635884	0	1635884	233336	0	233336	280567	0	280567	2227	37.11666667	13.72404018	117	No
115	39	9	6	20	74	1999	0	1999	779	0	779	1297	0	1297	199	1910	0	1910	755	0	755	1288	0	1288	57	0.95	49.56521739	1	No
5886	273	21	6	35	335	13855	0	13855	12928	0	12928	13211	0	13211	641	73718	0	73718	57970	0	57970	60908	0	60908	319	5.316666667	5.419639823	20	No
230	151	30	5	25	211	2343	0	2343	2084	0	2084	2276	0	2276	247	5117	0	5117	4538	0	4538	4972	0	4972	131	2.183333333	56.95652174	78	No
110	90	4	5	5	104	2113	0	2113	2113	0	2113	2113	0	2113	253	1980	0	1980	1980	0	1980	1980	0	1980	56	0.933333333	50.90909091	3	No
282	107	13	5	91	216	90183	87440	2743	512	0	512	88262	87440	822	14030	201273	195171	6102	1037	0	1037	196778	195171	1607	133	2.216666667	47.16312057	101	No
499	48	16	5	5	74	1558	0	1558	1020	0	1020	1225	0	1225	43	3925	0	3925	2558	0	2558	3075	0	3075	151	2.516666667	30.26052104	4	No
118	28	1	5	9	43	1947	0	1947	1351	0	1351	1400	0	1400	259	2348	0	2348	1594	0	1594	1662	0	1662	72	1.2	61.01694915	8	No
10661	272	16	5	39	332	16200	0	16200	14517	0	14517	14857	0	14857	0	284377	0	284377	142426	0	142426	156368	0	156368	1053	17.55	9.877122221	32	No
287	252	25	4	12	293	8267	0	8267	7824	0	7824	8004	0	8004	0	4916	0	4916	4722	0	4722	4789	0	4789	35	0.583333333	12.19512195	10	No
158	105	8	4	7	124	4343	0	4343	3157	0	3157	3602	0	3602	314	5019	0	5019	3792	0	3792	4320	0	4320	69	1.15	43.67088608	4	No
137	3	0	3	12	18	870	0	870	6	0	6	587	0	587	181	1449	0	1449	5	0	5	956	0	956	100	1.666666667	72.99270073	1	No
5492	359	62	3	29	453	15706	0	15706	14712	0	14712	15172	0	15172	0	17684	0	17684	15143	0	15143	16360	0	16360	67	1.116666667	1.2199563	43	No
10640	213	17	3	20	253	15594	0	15594	9490	0	9490	9662	0	9662	2876	746600	0	746600	76308	0	76308	81951	0	81951	2872	47.86666667	26.9924812	20	No
136	26	6	2	12	46	1850	0	1850	1557	0	1557	1601	0	1601	262	2498	0	2498	1995	0	1995	2064	0	2064	81	1.35	59.55882353	2	No
97	40	15	2	35	92	12725	11624	1101	204	0	204	317	0	317	16	3955	2926	1029	207	0	207	335	0	335	18	0.3	18.55670103	49	No
110	85	16	2	32	135	18997	17490	1507	179	0	179	271	0	271	12	8864	7572	1292	206	0	206	310	0	310	28	0.466666667	25.45454545	47	No
10576	341	29	2	58	430	21793	0	21793	16647	0	16647	17055	0	17055	2517	441126	0	441126	60150	0	60150	63475	0	63475	1214	20.23333333	11.47881997	29	No
256	24	7	1	36	68	54903	53109	1794	8490	8082	408	54577	53109	1468	7678	139072	136814	2258	21261	20428	833	138437	136814	1623	151	2.516666667	58.984375	18	No
77	9	1	1	2	13	1062	0	1062	266	0	266	426	0	426	92	1050	0	1050	251	0	251	408	0	408	59	0.983333333	76.62337662	1	No
78	3	1	1	1	6	574	0	574	146	0	146	177	0	177	25	444	0	444	115	0	115	142	0	142	46	0.766666667	58.97435897	1	No
80	1	0	1	2	4	226	0	226	186	0	186	226	0	226	30	205	0	205	167	0	167	205	0	205	55	0.916666667	68.75	0	No
92	9	0	1	3	13	1189	0	1189	166	0	166	265	0	265	35	967	0	967	151	0	151	240	0	240	49	0.816666667	53.26086957	1	No
9468	337	28	1	31	397	23373	0	23373	15295	0	15295	15634	0	15634	3939	881554	0	881554	130276	0	130276	138020	0	138020	2263	37.71666667	23.90156316	36	No
160	12	0	1	0	13	708	0	708	0	0	0	1	0	1	0	1418	0	1418	0	0	0	0	0	0	120	2	75	1	No
180	9	0	1	1	11	776	0	776	14	0	14	15	0	15	5	1364	0	1364	1	0	1	1	0	1	105	1.75	58.33333333	1	No